              precision    recall  f1-score   support

    airplane     0.9370    0.9070    0.9217      1000
  automobile     0.9592    0.9410    0.9500      1000
        bird     0.9096    0.9060    0.9078      1000
         cat     0.7953    0.8820    0.8364      1000
        deer     0.8951    0.9300    0.9122      1000
         dog     0.9076    0.8450    0.8752      1000
        frog     0.9745    0.8780    0.9237      1000
       horse     0.9349    0.9480    0.9414      1000
        ship     0.9488    0.9460    0.9474      1000
       truck     0.9051    0.9630    0.9331      1000

    accuracy                         0.9146     10000
   macro avg     0.9167    0.9146    0.9149     10000
weighted avg     0.9167    0.9146    0.9149     10000
