              precision    recall  f1-score   support

    airplane     0.7066    0.6550    0.6798      1000
  automobile     0.7147    0.7940    0.7523      1000
        bird     0.5264    0.5080    0.5170      1000
         cat     0.4515    0.3820    0.4139      1000
        deer     0.5338    0.5920    0.5614      1000
         dog     0.5178    0.5660    0.5409      1000
        frog     0.6758    0.6940    0.6848      1000
       horse     0.7032    0.6610    0.6814      1000
        ship     0.7420    0.7650    0.7533      1000
       truck     0.7035    0.6690    0.6858      1000

    accuracy                         0.6286     10000
   macro avg     0.6275    0.6286    0.6271     10000
weighted avg     0.6275    0.6286    0.6271     10000
