              precision    recall  f1-score   support

    airplane     0.9103    0.9340    0.9220      1000
  automobile     0.9587    0.9520    0.9553      1000
        bird     0.9140    0.9030    0.9085      1000
         cat     0.8276    0.8590    0.8430      1000
        deer     0.9130    0.9230    0.9180      1000
         dog     0.8918    0.8650    0.8782      1000
        frog     0.9482    0.9330    0.9405      1000
       horse     0.9370    0.9370    0.9370      1000
        ship     0.9563    0.9420    0.9491      1000
       truck     0.9463    0.9510    0.9486      1000

    accuracy                         0.9199     10000
   macro avg     0.9203    0.9199    0.9200     10000
weighted avg     0.9203    0.9199    0.9200     10000
