              precision    recall  f1-score   support

    airplane     0.9238    0.9340    0.9289      1000
  automobile     0.9558    0.9520    0.9539      1000
        bird     0.9275    0.8950    0.9109      1000
         cat     0.8283    0.8540    0.8410      1000
        deer     0.9089    0.9280    0.9184      1000
         dog     0.8845    0.8810    0.8828      1000
        frog     0.9534    0.9410    0.9472      1000
       horse     0.9428    0.9390    0.9409      1000
        ship     0.9519    0.9500    0.9510      1000
       truck     0.9499    0.9490    0.9495      1000

    accuracy                         0.9223     10000
   macro avg     0.9227    0.9223    0.9224     10000
weighted avg     0.9227    0.9223    0.9224     10000
