              precision    recall  f1-score   support

    airplane     0.6528    0.7350    0.6914      1000
  automobile     0.7794    0.8090    0.7939      1000
        bird     0.5834    0.4720    0.5218      1000
         cat     0.5145    0.3360    0.4065      1000
        deer     0.5584    0.6550    0.6029      1000
         dog     0.6429    0.4680    0.5417      1000
        frog     0.7198    0.7680    0.7431      1000
       horse     0.6871    0.7400    0.7126      1000
        ship     0.6706    0.8630    0.7547      1000
       truck     0.7246    0.7550    0.7395      1000

    accuracy                         0.6601     10000
   macro avg     0.6533    0.6601    0.6508     10000
weighted avg     0.6533    0.6601    0.6508     10000
